[34.024269,-118.287585],
[34.021193,-118.289591],
[34.020384,-118.287703],
[34.018374,-118.289001],
[34.018143,-118.289012],
[34.018134,-118.283712],
[34.018507,-118.283497],
[34.018134,-118.283508],
[34.018125,-118.282853],
[34.015733,-118.282789],
[34.015777,-118.282521],
[34.017822,-118.281019],
[34.016800,-118.278261],
[34.018703,-118.277092],
[34.019050,-118.277886],
[34.019494,-118.277628],
[34.019770,-118.278176],
[34.019227,-118.278497],
[34.018632,-118.277135],
[34.019886,-118.276298],
[34.020348,-118.276320],
[34.021966,-118.280021],
[34.021157,-118.280579],
[34.024269,-118.287585]