[34.0217730977002,-118.281877040863],
[34.0227468019959,-118.283987939358],
[34.0235960052985,-118.285919129848],
[34.0243251573749,-118.287552595139],
[34.0219776209904,-118.289119005203],
[34.0197144988775,-118.290540575981],
[34.0195366478241,-118.290232121944],
[34.0188741493707,-118.288673758507],
[34.0195966725963,-118.288223147392],
[34.0203503133461,-118.287713527679],
[34.0211773096544,-118.289510607719],
[34.0251076550733,-118.286978602409],
[34.0255255770246,-118.287863731384],
[34.0255655907205,-118.288207054138],
[34.0259434969178,-118.288185596466],
[34.0284420814274,-118.288207054138],
[34.0284598646833,-118.288786411285],
[34.0305760455323,-118.288786411285],
[34.031891963311,-118.288754224777],
[34.0327455206869,-118.288754224777],
[34.0327633030409,-118.287391662598],
[34.0326743912336,-118.286447525024],
[34.0316074422774,-118.283936977386],
[34.0283798400021,-118.283947706223],
[34.0283931774542,-118.284130096436],
[34.0284376356128,-118.287423849106],
[34.029351245613,-118.287402391434],
[34.0302826286503,-118.287391662598],
[34.0302937429446,-118.287037611008],
[34.0303270858188,-118.284001350403],
[34.028975577485,-118.284001350403],
[34.028766625262,-118.283400535584],
[34.0294735041125,-118.282955288887],
[34.0305538170162,-118.282252550125],
[34.0308561243368,-118.282080888748],
[34.0303359772497,-118.280916810036],
[34.0301270283769,-118.28104019165],
[34.0288155290199,-118.281887769699],
[34.0282642486627,-118.282220363617],
[34.0277396398357,-118.281147480011],
[34.0287710710594,-118.280439376831],
[34.0283487192724,-118.279473781586],
[34.0273550728303,-118.277328014374],
[34.0270727595263,-118.276748657227],
[34.023507083885,-118.279001712799],
[34.0211728634592,-118.280519843102],
[34.0216841743767,-118.28169465065]