[34.0217730977002,-118.281877040863],
[34.0227468019959,-118.283987939358],
[34.0235960052985,-118.285919129848],
[34.0243251573749,-118.287552595139],
[34.0251165470511,-118.287026882172],
[34.0255789286149,-118.288185596466],
[34.0259434969178,-118.288185596466],
[34.0283709483662,-118.288185596466],
[34.0284598646833,-118.288786411285],
[34.0305760455323,-118.288786411285],
[34.031891963311,-118.288754224777],
[34.0327455206869,-118.288786411285],
[34.0327455206869,-118.28746676445],
[34.0303804343904,-118.28741312027],
[34.029351245613,-118.287402391434],
[34.0284376356128,-118.287423849106],
[34.0283798400021,-118.284355401993],
[34.0283798400021,-118.283958435059],
[34.0290289269063,-118.28392624855],
[34.0288066374297,-118.2834649086],
[34.0294735041125,-118.282955288887],
[34.0305538170162,-118.282252550125],
[34.0308605700246,-118.282070159912],
[34.0311362022167,-118.282670974731],
[34.0314385074623,-118.2824832201],
[34.0325632513434,-118.281791210175],
[34.0335990694754,-118.281142115593],
[34.0338480195878,-118.280997276306],
[34.0334390297317,-118.279999494553],
[34.0319675390502,-118.276748657227],
[34.0311362022167,-118.275010585785],
[34.0301492570048,-118.274989128113],
[34.0281753321407,-118.276083469391],
[34.0270816512982,-118.276748657227],
[34.0273550728303,-118.277328014374],
[34.0283487192724,-118.279473781586],
[34.0287088298755,-118.280353546143],
[34.0277396398357,-118.281147480011],
[34.0268237895339,-118.279087543488],
[34.0260857670502,-118.277360200882],
[34.023507083885,-118.279001712799],
[34.0211684172638,-118.280503749847],
[34.0217064052163,-118.281750977039]